Applications Graphics Acceleration Info:
Uptime: 141618540 Realtime: 1323429357

** Graphics info for pid 27036 [md.borisveriga.megapodcastplayer] **

Stats since: 141603467679256ns
Total frames rendered: 896
Janky frames: 2 (0.22%)
Janky frames (legacy): 770 (85.94%)
50th percentile: 34ms
90th percentile: 34ms
95th percentile: 34ms
99th percentile: 34ms
Number Missed Vsync: 0
Number High input latency: 1780
Number Slow UI thread: 2
Number Slow bitmap uploads: 0
Number Slow issue draw commands: 2
Number Frame deadline missed: 2
Number Frame deadline missed (legacy): 10
HISTOGRAM: 5ms=0 6ms=0 7ms=0 8ms=0 9ms=0 10ms=0 11ms=0 12ms=0 13ms=0 14ms=0 15ms=1 16ms=1 17ms=21 18ms=4 19ms=0 20ms=0 21ms=0 22ms=0 23ms=2 24ms=0 25ms=0 26ms=0 27ms=0 28ms=0 29ms=1 30ms=4 31ms=4 32ms=337 34ms=519 36ms=1 38ms=0 40ms=0 42ms=0 44ms=0 46ms=0 48ms=1 53ms=0 57ms=0 61ms=0 65ms=0 69ms=0 73ms=0 77ms=0 81ms=0 85ms=0 89ms=0 93ms=0 97ms=0 101ms=0 105ms=0 109ms=0 113ms=0 117ms=0 121ms=0 125ms=0 129ms=0 133ms=0 150ms=0 200ms=0 250ms=0 300ms=0 350ms=0 400ms=0 450ms=0 500ms=0 550ms=0 600ms=0 650ms=0 700ms=0 750ms=0 800ms=0 850ms=0 900ms=0 950ms=0 1000ms=0 1050ms=0 1100ms=0 1150ms=0 1200ms=0 1250ms=0 1300ms=0 1350ms=0 1400ms=0 1450ms=0 1500ms=0 1550ms=0 1600ms=0 1650ms=0 1700ms=0 1750ms=0 1800ms=0 1850ms=0 1900ms=0 1950ms=0 2000ms=0 2050ms=0 2100ms=0 2150ms=0 2200ms=0 2250ms=0 2300ms=0 2350ms=0 2400ms=0 2450ms=0 2500ms=0 2550ms=0 2600ms=0 2650ms=0 2700ms=0 2750ms=0 2800ms=0 2850ms=0 2900ms=0 2950ms=0 3000ms=0 3050ms=0 3100ms=0 3150ms=0 3200ms=0 3250ms=0 3300ms=0 3350ms=0 3400ms=0 3450ms=0 3500ms=0 3550ms=0 3600ms=0 3650ms=0 3700ms=0 3750ms=0 3800ms=0 3850ms=0 3900ms=0 3950ms=0 4000ms=0 4050ms=0 4100ms=0 4150ms=0 4200ms=0 4250ms=0 4300ms=0 4350ms=0 4400ms=0 4450ms=0 4500ms=0 4550ms=0 4600ms=0 4650ms=0 4700ms=0 4750ms=0 4800ms=0 4850ms=0 4900ms=0 4950ms=0
50th gpu percentile: 4950ms
90th gpu percentile: 4950ms
95th gpu percentile: 4950ms
99th gpu percentile: 4950ms
GPU HISTOGRAM: 1ms=1 2ms=1 3ms=0 4ms=1 5ms=1 6ms=3 7ms=3 8ms=5 9ms=4 10ms=4 11ms=7 12ms=6 13ms=7 14ms=4 15ms=7 16ms=4 17ms=3 18ms=4 19ms=5 20ms=11 21ms=22 22ms=29 23ms=46 24ms=49 25ms=69 4950ms=600

Pipeline=Skia (Vulkan)
Memory policy:
  Max surface area: 2073600
  Max resource usage: 99.53MB (x48)
  Background retention: 50% (altUiHidden = true)
  GPU Context timeout: 10
Contexts: 1 (stopped = 0)
CPU Caches:
  Glyph Cache: 46.17 KB (1 entry)
  Glyph Count: 16 
Total CPU memory usage:
  47282 bytes, 46.17 KB (0.00 bytes is purgeable)
GPU Caches:
  Image:
    Surface: 43.24 KB (18 entries)
  Other:
    Other: 4.92 KB (1 entry)
    Buffer Object: 2.50 KB (4 entries)
    StencilAttachment: 16.00 KB (1 entry)
  Scratch:
    Buffer Object: 463.88 KB (18 entries)
    Surface: 8.89 MB (47 entries)
Total GPU memory usage:
  9864029 bytes, 9.41 MB (2.93 MB is purgeable)
Pipeline Cache: inactive
GraphicBufferAllocator buffers:
            Handle |         Size |     W (Stride) x H | Layers |   Format |      Usage | Requestor
        0xe3f025e0 |   996.00 KiB |  498 ( 512) x  498 |      1 |        1 | 0x10000b00 | VRI[MainActivity]@6ecf87#0(BLAST Consumer)0
        0xe3f029a0 |   996.00 KiB |  498 ( 512) x  498 |      1 |        1 | 0x10000b00 | VRI[MainActivity]@6ecf87#0(BLAST Consumer)0
        0xe3f02ae0 |   996.00 KiB |  498 ( 512) x  498 |      1 |        1 | 0x10000b00 | VRI[MainActivity]@6ecf87#0(BLAST Consumer)0
Total allocated by GraphicBufferAllocator (estimate): 2988.00 KB
Imported gralloc buffers:
+ name:VRI[MainActivity]@6ecf87#0(BLAST Consumer)0, id:30684, size:1032.00KiB, w/h:498x498, usage: 0x10000b00, req fmt:1, fourcc/mod:0/0, dataspace: 0x8810000, compressed: true
+ name:VRI[MainActivity]@6ecf87#0(BLAST Consumer)0, id:30683, size:1032.00KiB, w/h:498x498, usage: 0x10000b00, req fmt:1, fourcc/mod:0/0, dataspace: 0x8810000, compressed: true
+ name:VRI[MainActivity]@6ecf87#0(BLAST Consumer)0, id:30682, size:1032.00KiB, w/h:498x498, usage: 0x10000b00, req fmt:1, fourcc/mod:0/0, dataspace: 0x8810000, compressed: true
Total imported by gralloc: 3096.00KiB

Profile data in ms:

	md.borisveriga.megapodcastplayer/md.borisveriga.megapodcastplayer.wear.MainActivity/android.view.ViewRootImpl@a9cf9c1 (visibility=0)
Window: md.borisveriga.megapodcastplayer/md.borisveriga.megapodcastplayer.wear.MainActivity
Stats since: 141603467678110ns
Total frames rendered: 897
Janky frames: 2 (0.22%)
Janky frames (legacy): 771 (85.95%)
50th percentile: 34ms
90th percentile: 34ms
95th percentile: 34ms
99th percentile: 34ms
Number Missed Vsync: 0
Number High input latency: 1782
Number Slow UI thread: 2
Number Slow bitmap uploads: 0
Number Slow issue draw commands: 2
Number Frame deadline missed: 2
Number Frame deadline missed (legacy): 10
HISTOGRAM: 5ms=0 6ms=0 7ms=0 8ms=0 9ms=0 10ms=0 11ms=0 12ms=0 13ms=0 14ms=0 15ms=1 16ms=1 17ms=21 18ms=4 19ms=0 20ms=0 21ms=0 22ms=0 23ms=2 24ms=0 25ms=0 26ms=0 27ms=0 28ms=0 29ms=1 30ms=4 31ms=4 32ms=337 34ms=520 36ms=1 38ms=0 40ms=0 42ms=0 44ms=0 46ms=0 48ms=1 53ms=0 57ms=0 61ms=0 65ms=0 69ms=0 73ms=0 77ms=0 81ms=0 85ms=0 89ms=0 93ms=0 97ms=0 101ms=0 105ms=0 109ms=0 113ms=0 117ms=0 121ms=0 125ms=0 129ms=0 133ms=0 150ms=0 200ms=0 250ms=0 300ms=0 350ms=0 400ms=0 450ms=0 500ms=0 550ms=0 600ms=0 650ms=0 700ms=0 750ms=0 800ms=0 850ms=0 900ms=0 950ms=0 1000ms=0 1050ms=0 1100ms=0 1150ms=0 1200ms=0 1250ms=0 1300ms=0 1350ms=0 1400ms=0 1450ms=0 1500ms=0 1550ms=0 1600ms=0 1650ms=0 1700ms=0 1750ms=0 1800ms=0 1850ms=0 1900ms=0 1950ms=0 2000ms=0 2050ms=0 2100ms=0 2150ms=0 2200ms=0 2250ms=0 2300ms=0 2350ms=0 2400ms=0 2450ms=0 2500ms=0 2550ms=0 2600ms=0 2650ms=0 2700ms=0 2750ms=0 2800ms=0 2850ms=0 2900ms=0 2950ms=0 3000ms=0 3050ms=0 3100ms=0 3150ms=0 3200ms=0 3250ms=0 3300ms=0 3350ms=0 3400ms=0 3450ms=0 3500ms=0 3550ms=0 3600ms=0 3650ms=0 3700ms=0 3750ms=0 3800ms=0 3850ms=0 3900ms=0 3950ms=0 4000ms=0 4050ms=0 4100ms=0 4150ms=0 4200ms=0 4250ms=0 4300ms=0 4350ms=0 4400ms=0 4450ms=0 4500ms=0 4550ms=0 4600ms=0 4650ms=0 4700ms=0 4750ms=0 4800ms=0 4850ms=0 4900ms=0 4950ms=0
50th gpu percentile: 4950ms
90th gpu percentile: 4950ms
95th gpu percentile: 4950ms
99th gpu percentile: 4950ms
GPU HISTOGRAM: 1ms=1 2ms=1 3ms=0 4ms=1 5ms=1 6ms=3 7ms=3 8ms=5 9ms=4 10ms=4 11ms=7 12ms=6 13ms=7 14ms=4 15ms=7 16ms=4 17ms=3 18ms=4 19ms=5 20ms=11 21ms=22 22ms=29 23ms=46 24ms=49 25ms=69 4950ms=601



---PROFILEDATA---
Flags,FrameTimelineVsyncId,IntendedVsync,Vsync,InputEventId,HandleInputStart,AnimationStart,PerformTraversalsStart,DrawStart,FrameDeadline,FrameStartTime,FrameInterval,WorkloadTarget,AnimationTime,SyncQueued,SyncStart,IssueDrawCommandsStart,SwapBuffers,FrameCompleted,DequeueBufferDuration,QueueBufferDuration,GpuCompleted,SwapBuffersCompleted,DisplayPresentTime,CommandSubmissionCompleted,
0,8616164,141616539217167,141616539217167,0,141616539798261,141616539808678,141616540589147,141616540687220,141616589507296,141616539785136,16806546,16666666,141616539217167,141616541150292,141616542327167,141616542542272,141616544575084,141616573644980,22500,11801875,141616573644980,141616556529719,141616589359824,141616544575084,
0,8616171,141616556025796,141616556025796,-472957492,141616557333938,141616557342167,141616557876542,141616557945865,141616606313842,141616557323522,16806687,16666666,141616556025796,141616558222897,141616558796230,141616558978782,141616560829563,141616590233209,22604,13460416,141616590233209,141616574497792,141616606163729,141616560829563,
0,8616184,141616572833609,141616572833609,0,141616573720969,141616574004199,141616574543261,141616574664615,141616623120529,141616573707949,16806711,16666666,141616572833609,141616575299824,141616576458574,141616576643417,141616578691074,141616607068365,217240,12550000,141616607068365,141616591438313,141616622973574,141616578691074,
0,8616197,141616589640320,141616589640320,-413043165,141616590419199,141616592278105,141616592796855,141616592919199,141616639927240,141616590407532,16806654,16666666,141616589640320,141616593548365,141616594893990,141616595087272,141616597129772,141616623808626,27396,10115625,141616623808626,141616607482897,141616639781959,141616597129772,
0,8616210,141616606446449,141616606446449,0,141616608282219,141616608603157,141616609061334,141616609143626,141616656733894,141616608271751,16806643,16666666,141616606446449,141616609477532,141616609675865,141616610025501,141616614395709,141616640717219,645833,10426407,141616640717219,141616625036751,141616656582844,141616614395709,
0,8616223,141616623253020,141616623253020,-679908357,141616624216699,141616626328469,141616643319355,141616643474407,141616673540537,141616624204459,16806555,16666666,141616623253020,141616648551282,141616648702428,141616649112324,141616650917532,141616658065292,36302,348906,141616658065292,141616651382844,141616673388469,141616650917532,
0,8616236,141616640058573,141616640058573,0,141616651694824,141616651899511,141616652307376,141616652363313,141616690347092,141616651688157,16806578,16666666,141616640058573,141616652541438,141616652618417,141616652732740,141616653642063,141616674071126,13750,4562396,141616674071126,141616658395032,141616690195083,141616653642063,
0,8616249,141616656865510,141616656865510,-1033215208,141616657541855,141616658331803,141616661469928,141616661583053,141616707153670,141616657536438,16806677,16666666,141616656865510,141616661918730,141616662131855,141616662506855,141616665506647,141616690932480,35990,8621042,141616690932480,141616674304303,141616707002011,141616665506647,
0,8616262,141616673673287,141616673673287,0,141616675138886,141616675395084,141616675753157,141616675820605,141616723960347,141616675130188,16806543,16666666,141616673673287,141616676228886,141616676415709,141616676705969,141616679213730,141616707872584,149375,18019375,141616707872584,141616697442324,141616723809771,141616679213730,
0,8616275,141616690478359,141616690478359,-1010171624,141616692289824,141616693388574,141616696679511,141616696798730,141616740766890,141616692280397,16806435,16666666,141616690478359,141616697142532,141616697634147,141616697838001,141616699613626,141616724684355,24896,8310834,141616724684355,141616708360865,141616740618938,141616699613626,
0,8616288,141616707283522,141616707283522,0,141616707967844,141616708291803,141616708664563,141616708735657,141616757573325,141616707959407,16806224,16666666,141616707283522,141616709052844,141616709325501,141616709712115,141616714141751,141616741468678,2351979,11564844,141616741468678,141616725917740,141616757425240,141616714141751,
0,8616301,141616724087958,141616724087958,-417982318,141616725059824,141616726765709,141616733352532,141616733441751,141616774379549,141616725050865,16806098,16666666,141616724087958,141616733880553,141616734136386,141616734603157,141616738081126,141616758105188,38281,3456771,141616758105188,141616741753990,141616774229927,141616738081126,
0,8616314,141616740893124,141616740893124,0,141616742515397,141616742779042,141616743137844,141616743215344,141616791185647,141616742507897,16806188,16666666,141616740893124,141616743534615,141616743743782,141616745234980,141616747086647,141616775153521,26511,17429687,141616775153521,141616764731594,141616791037428,141616747086647,
0,8616327,141616757700160,141616757700160,-667114027,141616759263782,141616760503834,141616763796699,141616763924303,141616807991835,141616759255344,16806370,16666666,141616757700160,141616764475449,141616764938365,141616765135136,141616766903782,141616791814667,24531,8374688,141616791814667,141616775505969,141616807843417,141616766903782,
0,8616340,141616774508360,141616774508360,0,141616775243001,141616775491490,141616775892584,141616775954667,141616824798205,141616775233990,16806436,16666666,141616774508360,141616776316646,141616776555813,141616777019928,141616780668053,141616808908678,1673906,12174479,141616808908678,141616793062011,141616824651490,141616780668053,
0,8616353,141616791315645,141616791315645,-641775586,141616792319667,141616794175344,141616799137896,141616799273105,141616841604641,141616792308678,16806452,16666666,141616791315645,141616799656699,141616799940605,141616800638157,141616802352532,141616825785032,28802,6753125,141616825785032,141616809366230,141616841459250,141616802352532,
0,8616366,141616808122242,141616808122242,0,141616809093938,141616809401282,141616809846751,141616809918678,141616858411093,141616809080813,16806545,16666666,141616808122242,141616810226959,141616810477584,141616810842428,141616814842324,141616842352219,1991927,11039427,141616842352219,141616826108938,141616858261490,141616814842324,
0,8616379,141616824929593,141616824929593,-883303552,141616826623574,141616827797532,141616831316386,141616831438886,141616875217638,141616826614094,16806504,16666666,141616824929593,141616831785240,141616832372949,141616832629771,141616834408990,141616859392896,27448,8032292,141616859392896,141616842658001,141616875066646,141616834408990,
0,8616392,141616841735844,141616841735844,0,141616842406699,141616842641334,141616843105136,141616843167792,141616892024142,141616842397115,16806663,16666666,141616841735844,141616843416282,141616843649511,141616844148886,141616848183782,141616877005501,1460989,11441302,141616877005501,141616859928209,141616891874927,141616848183782,
0,8616405,141616858543848,141616858543848,-113378635,141616860824303,141616862882636,141616871277949,141616871578261,141616908830805,141616860806126,16806957,16666666,141616858543848,141616873507584,141616873803261,141616874401230,141616878537896,141616892972324,46771,657031,141616892972324,141616879407792,141616908683521,141616878537896,
0,8616412,141616875353082,141616875353082,-679481540,141616878197011,141616878274876,141616879085657,141616879224146,141616925637762,141616878185449,16806837,16666666,141616875353082,141616880861855,141616881029042,141616881294563,141616885262584,141616910009928,26510,7850209,141616910009928,141616893336282,141616925487532,141616885262584,
0,8616419,141616892158496,141616892158496,0,141616893971021,141616893979407,141616896156126,141616896243261,141616942444599,141616893958782,16806621,16666666,141616892158496,141616896675657,141616896887532,141616897262949,141616899555449,141616926550865,30573,10581614,141616926550865,141616910396126,141616942294823,141616899555449,
0,8616426,141616908962958,141616908962958,0,141616910878469,141616910887688,141616913196178,141616913343157,141616959251220,141616910866282,16806477,16666666,141616908962958,141616913786386,141616914133834,141616914599094,141616918773261,141616943501646,44427,7819167,141616943501646,141616926827480,141616959095865,141616918773261,
0,8616433,141616925768244,141616925768244,0,141616927404407,141616927412792,141616929669146,141616929804980,141616976057697,141616927393365,16806420,16666666,141616925768244,141616930186907,141616931878730,141616932253105,141616934194042,141616960639199,30833,9427396,141616960639199,141616943863521,141616975903521,141616934194042,
0,8616440,141616942574495,141616942574495,0,141616944297792,141616944305449,141616946308469,141616946437063,141616992864117,141616944287480,16806301,16666666,141616942574495,141616946825813,141616947064719,141616947438574,141616950822844,141616977208261,32760,9877969,141616977208261,141616960958626,141616992706854,141616950822844,
0,8616447,141616959379845,141616959379845,0,141616961130553,141616961140501,141616963749771,141616963886230,141617009670418,141616961119146,16806334,16666666,141616959379845,141616965908365,141616966134980,141616966566855,141616970282376,141616994129146,39843,6984010,141616994129146,141616977512115,141617009510657,141616970282376,
0,8616454,141616976186481,141616976186481,0,141616977825396,141616977834771,141616979786490,141616979922792,141617026476752,141616977813313,16806164,16666666,141616976186481,141616980435553,141616980709407,141616981128261,141616985392428,141617010816907,51666,8834219,141617010816907,141616994463261,141617026313209,141616985392428,
0,8616461,141616992990752,141616992990752,0,141616993701438,141616993709615,141616995696438,141616995824615,141617043282916,141616993690553,16806007,16666666,141616992990752,141616996291073,141616996527271,141616996925605,141617000795813,141617027788782,756563,10088281,141617027788782,141617011096386,141617043115032,141617000795813,
0,8616468,141617009795394,141617009795394,0,141617011499042,141617011506438,141617013719094,141617013849511,141617060088923,141617011488730,16805805,16666666,141617009795394,141617014224876,141617014474094,141617014865292,141617017693834,141617044537740,40521,10190313,141617044537740,141617028344459,141617059917636,141617017693834,
0,8616475,141617026599260,141617026599260,0,141617027298678,141617027303990,141617029412740,141617029525657,141617076894728,141617027288261,16805535,16666666,141617026599260,141617029875657,141617030141021,141617030535605,141617033937948,141617061423417,1082604,10698281,141617061423417,141617044879303,141617076722584,141617033937948,
0,8616482,141617043402299,141617043402299,0,141617045252428,141617045261751,141617046034719,141617046155032,141617093700263,141617045240032,16805261,16666666,141617043402299,141617046461438,141617046692844,141617047058573,141617050281178,141617078206178,925260,11245312,141617078206178,141617061779355,141617093529146,141617050281178,
0,8616489,141617060204839,141617060204839,0,141617062034876,141617062043053,141617062989198,141617063112376,141617110505524,141617062022948,16804978,16666666,141617060204839,141617064879771,141617065225136,141617065701803,141617069404615,141617095901490,42917,8962032,141617095901490,141617078647323,141617110333885,141617069404615,
0,8616496,141617077006798,141617077006798,0,141617077924719,141617077932011,141617078842532,141617078972688,141617127310502,141617077914251,16804507,16666666,141617077006798,141617079487271,141617079771126,141617080497844,141617085220969,141617112650969,2153646,10718750,141617112650969,141617096229615,141617127135917,141617085220969,
0,8616503,141617093807003,141617093807003,0,141617094525865,141617094531646,141617095129407,141617095253209,141617144115009,141617094518261,16804067,16666666,141617093807003,141617095714511,141617096428417,141617096804407,141617101255761,141617129575605,1408385,11462135,141617129575605,141617112954928,141617143938521,141617101255761,
0,8616510,141617110607485,141617110607485,0,141617111342688,141617111349251,141617112287428,141617112500605,141617160919076,141617111330605,16803866,16666666,141617110607485,141617113344303,141617114125917,141617114349980,141617116936021,141617146341282,394792,13688021,141617146341282,141617130849980,141617160744146,141617116936021,
0,8616517,141617127410093,141617127410093,0,141617128407323,141617128418157,141617129544563,141617129695136,141617177722942,141617128389563,16803858,16666666,141617127410093,141617130455240,141617131057636,141617131308313,141617134699876,141617162403365,1567292,12658073,141617162403365,141617147561334,141617177554146,141617134699876,
0,8616524,141617144214214,141617144214214,0,141617145250344,141617145258678,141617146132063,141617146273730,141617194526800,141617145235553,16803758,16666666,141617144214214,141617146848469,141617147655605,141617147880292,141617151386230,141617178997167,1548073,12067031,141617178997167,141617163654876,141617194354771,141617151386230,
0,8616531,141617161017296,141617161017296,0,141617162280761,141617162292323,141617163463782,141617163587844,141617211330558,141617162261646,16803752,16666666,141617161017296,141617164344719,141617165563105,141617165797219,141617168264928,141617195918365,306875,10839531,141617195918365,141617179325032,141617211158886,141617168264928,
0,8616538,141617177820880,141617177820880,0,141617179386646,141617179394198,141617180155865,141617180237480,141617228134310,141617179374355,16803704,16666666,141617177820880,141617180557792,141617180801855,141617181345709,141617186536282,141617212377584,726770,9705625,141617212377584,141617196464980,141617227967636,141617186536282,
0,8616545,141617194624448,141617194624448,0,141617195592376,141617195601542,141617196924615,141617197032636,141617244938014,141617195573678,16804050,16666666,141617194624448,141617197523938,141617197700865,141617197912323,141617201043157,141617229396386,757396,12407187,141617229396386,141617213675709,141617244768990,141617201043157,
0,8616552,141617211431954,141617211431954,0,141617212362844,141617212370969,141617213525761,141617213645813,141617261742064,141617212349250,16804219,16666666,141617211431954,141617214295917,141617215522011,141617215757688,141617218469146,141617246031594,332761,12168490,141617246031594,141617230856542,141617261584511,141617218469146,
0,8616559,141617228237553,141617228237553,0,141617229101646,141617229114719,141617230209928,141617230318417,141617278546283,141617229078990,16804383,16666666,141617228237553,141617230823000,141617231050032,141617231249980,141617235503105,141617262891386,2144844,11589635,141617262891386,141617247311386,141617278386855,141617235503105,
0,8616566,141617245043130,141617245043130,0,141617245998573,141617246007792,141617247101282,141617247218209,141617295350666,141617245983521,16804662,16666666,141617245043130,141617247766021,141617249014146,141617249251594,141617251922792,141617279659615,271302,11966406,141617279659615,141617264248000,141617295179979,141617251922792,
0,8616573,141617261850315,141617261850315,0,141617262522011,141617262529042,141617263347480,141617263442219,141617312155328,141617262508105,16804696,16666666,141617261850315,141617263927271,141617264441750,141617264622636,141617268915136,141617296448625,2048333,11780521,141617296448625,141617280894667,141617311984615,141617268915136,
0,8616580,141617278655135,141617278655135,0,141617279445396,141617279453730,141617280369250,141617280489094,141617328960024,141617279431698,16805068,16666666,141617278655135,141617281171438,141617282504771,141617282706282,141617285302792,141617313288834,235937,12168958,141617313288834,141617297661594,141617328786386,141617285302792,
0,8616587,141617295464242,141617295464242,0,141617296310448,141617296317375,141617297057063,141617297167115,141617345765092,141617296297584,16805287,16666666,141617295464242,141617297676334,141617297852115,141617298043105,141617302447115,141617330173990,2316042,11899115,141617330173990,141617314569250,141617345589459,141617302447115,
0,8616594,141617312271679,141617312271679,0,141617313198886,141617313212896,141617314153678,141617314291594,141617362570379,141617313179511,16805091,16666666,141617312271679,141617314947271,141617316246438,141617316508730,141617319491178,141617346857480,372084,11547135,141617346857480,141617331254563,141617362393729,141617319491178,
0,8616601,141617329074053,141617329074053,0,141617329851386,141617329859615,141617330683417,141617330768990,141617379375470,141617329838261,16804933,16666666,141617329074053,141617331189250,141617331439615,141617331624198,141617335050188,141617363794928,1405521,12724792,141617363794928,141617347977636,141617379199198,141617335050188,
0,8616608,141617345876779,141617345876779,0,141617346653313,141617346662636,141617347477063,141617347582271,141617396180403,141617346639303,16804581,16666666,141617345876779,141617348114250,141617348336230,141617348523521,141617352938105,141617380232844,1774166,11752552,141617380232844,141617364902636,141617396004250,141617352938105,
0,8616615,141617362677641,141617362677641,0,141617363444459,141617363455084,141617364379407,141617364474198,141617412984984,141617363430500,16804112,16666666,141617362677641,141617364917636,141617365100917,141617365288730,141617369244146,141617397094250,1749219,11881510,141617397094250,141617381322480,141617412809927,141617369244146,
0,8616622,141617379477430,141617379477430,0,141617380118105,141617380125396,141617380689094,141617380765032,141617429789096,141617380106803,16803707,16666666,141617379477430,141617381114928,141617381410709,141617381593678,141617385646542,141617413994563,1555625,12387812,141617413994563,141617398223834,141617429614145,141617385646542,
0,8616629,141617396277715,141617396277715,0,141617396897636,141617396904198,141617397527532,141617397604407,141617446592803,141617396886021,16803620,16666666,141617396277715,141617397946907,141617398396855,141617398568678,141617402010813,141617430739042,1557396,13066927,141617430739042,141617415278678,141617446418156,141617402010813,
0,8616636,141617413080642,141617413080642,0,141617414085292,141617414093417,141617414920396,141617415033313,141617463396423,141617414071490,16803441,16666666,141617413080642,141617415621282,141617417057427,141617417334250,141617420339459,141617447823157,408385,11373177,141617447823157,141617431920084,141617463221073,141617420339459,
0,8616643,141617429883065,141617429883065,0,141617430476230,141617430482740,141617431146230,141617431227792,141617480199864,141617430464927,16803321,16666666,141617429883065,141617431621959,141617432263261,141617432436855,141617436829042,141617464508521,1985781,12189062,141617464508521,141617449229771,141617480023209,141617436829042,
0,8616650,141617446686179,141617446686179,0,141617447670084,141617447678990,141617448762375,141617448876125,141617497003185,141617447656282,16803404,16666666,141617446686179,141617449328417,141617449633313,141617449830240,141617454370969,141617481325396,2330313,11164062,141617481325396,141617465733938,141617496827948,141617454370969,
0,8616657,141617463490843,141617463490843,0,141617464458157,141617464467323,141617465320552,141617465428365,141617513806589,141617464444719,16803378,16666666,141617463490843,141617465908052,141617466173990,141617466372636,141617470269771,141617498182323,1787031,12069166,141617498182323,141617482531802,141617513631229,141617470269771,
0,8616664,141617480294693,141617480294693,0,141617481172115,141617481178990,141617481744615,141617481835292,141617530609967,141617481160344,16803826,16666666,141617480294693,141617482139146,141617482619563,141617482816177,141617486904875,141617514820917,1875937,12341041,141617514820917,141617499467584,141617530433990,141617486904875,
0,8616671,141617497101996,141617497101996,0,141617498110865,141617498118938,141617498854459,141617498968886,141617547413793,141617498095761,16804206,16666666,141617497101996,141617499361438,141617499686177,141617499902896,141617504814250,141617531964407,2371510,10993489,141617531964407,141617516088730,141617547240761,141617504814250,
0,8616678,141617513908635,141617513908635,0,141617514581802,141617514591594,141617515205448,141617515287063,141617564217999,141617514568990,16804202,16666666,141617513908635,141617515573313,141617516234355,141617516421230,141617521088730,141617548517427,2192968,11957239,141617548517427,141617533253365,141617564046750,141617521088730,
0,8616685,141617530712594,141617530712594,0,141617531630136,141617531637792,141617532789407,141617532904875,141617581022201,141617531614615,16804200,16666666,141617530712594,141617533248417,141617533453521,141617533647427,141617537868730,141617565295969,1967656,11706823,141617565295969,141617549797323,141617580850812,141617537868730,
0,8616692,141617547516460,141617547516460,0,141617548484094,141617548491855,141617549263938,141617549387636,141617597826401,141617548470813,16804058,16666666,141617547516460,141617549774615,141617549895396,141617550106646,141617555002011,141617582070136,2511927,11341250,141617582070136,141617566552688,141617597656438,141617555002011,
0,8616699,141617564319078,141617564319078,0,141617565206438,141617565215344,141617565985917,141617566106646,141617614630459,141617565191021,16803984,16666666,141617564319078,141617566505865,141617566766855,141617566982011,141617571685761,141617598957636,2386510,11369427,141617598957636,141617583256073,141617614461385,141617571685761,
0,8616706,141617581122650,141617581122650,0,141617581825032,141617581832271,141617582518677,141617582607584,141617631434443,141617581809823,16803975,16666666,141617581122650,141617582990813,141617583344927,141617583544719,141617587549511,141617615770292,1810209,12487031,141617615770292,141617600298677,141617631261958,141617587549511,
0,8616713,141617597926984,141617597926984,0,141617598715084,141617598721750,141617599362480,141617599460552,141617648238418,141617598700448,16804000,16666666,141617597926984,141617599822792,141617600497948,141617600679980,141617604840605,141617632526907,1952240,11936979,141617632526907,141617616978052,141617648064771,141617604840605,
0,8616720,141617614731522,141617614731522,0,141617615537427,141617615543886,141617616307271,141617616404511,141617665042418,141617615522740,16804111,16666666,141617614731522,141617616764615,141617617068261,141617617262740,141617621845969,141617649314250,2270312,11724688,141617649314250,141617633789823,141617664870239,141617621845969,
0,8616727,141617631536926,141617631536926,0,141617632405500,141617632414250,141617633173521,141617633295657,141617681846529,141617632389407,16804305,16666666,141617631536926,141617633701855,141617634002688,141617634209875,141617638904042,141617666455709,2445208,10582031,141617666455709,141617649928834,141617681671542,141617638904042,
0,8616734,141617648343057,141617648343057,0,141617649201854,141617649211386,141617650281594,141617650422011,141617698650834,141617649187427,16804352,16666666,141617648343057,141617650873365,141617651215813,141617651716907,141617658834771,141617683231073,2354427,7732552,141617683231073,141617666921750,141617698480291,141617658834771,
0,8616741,141617665147487,141617665147487,0,141617666640604,141617666651802,141617667639146,141617667772584,141617715455186,141617666622323,16804356,16666666,141617665147487,141617668365709,141617668699250,141617669168313,141617676650188,141617700280292,2137136,6719323,141617700280292,141617683738104,141617715282062,141617676650188,
0,8616748,141617681951410,141617681951410,0,141617683601125,141617683614094,141617684721386,141617684867792,141617732259542,141617683575396,16804377,16666666,141617681951410,141617685342532,141617685724771,141617686233000,141617693745552,141617716785188,2113437,6611875,141617716785188,141617700715136,141617732089927,141617693745552,
0,8616755,141617698755707,141617698755707,0,141617699936646,141617699948052,141617700963469,141617701097792,141617749063919,141617699918052,16804201,16666666,141617698755707,141617701519563,141617701860188,141617702325813,141617709493886,141617733761594,2463489,7407031,141617733761594,141617717261177,141617748890917,141617709493886,
0,8616762,141617715558063,141617715558063,0,141617717530969,141617717541907,141617718879771,141617719010813,141617765868120,141617717512896,16804239,16666666,141617715558063,141617719441438,141617719818209,141617720438521,141617727024302,141617750640240,1378698,6819375,141617750640240,141617734196750,141617765694875,141617727024302,
0,8616769,141617732362786,141617732362786,0,141617733894979,141617733909407,141617734810188,141617734928729,141617782672359,141617733677323,16804128,16666666,141617732362786,141617735312427,141617735642271,141617736154302,141617743062896,141617767174302,2194167,7665781,141617767174302,141617751076438,141617782495031,141617743062896,
0,8616776,141617749165967,141617749165967,0,141617750855761,141617750865969,141617751708417,141617751823521,141617799476487,141617750839875,16804090,16666666,141617749165967,141617752351490,141617752676490,141617753104250,141617762956073,141617783967584,5688802,6154323,141617783967584,141617769313052,141617799297166,141617762956073,
0,8616783,141617765970267,141617765970267,0,141617771722532,141617771730865,141617772717375,141617772821802,141617816280577,141617771708729,16804006,16666666,141617765970267,141617773163834,141617773449563,141617773824302,141617777782896,141617800954823,39687,9634740,141617800954823,141617787651750,141617816098677,141617777782896,
0,8616790,141617782773649,141617782773649,0,141617784296907,141617784305292,141617785471438,141617785550344,141617833084583,141617784283938,16803997,16666666,141617782773649,141617787385709,141617787771334,141617788147375,141617792766334,141617817680552,31146,8295938,141617817680552,141617801691646,141617832900604,141617792766334,
0,8616797,141617799577574,141617799577574,0,141617801074875,141617801084511,141617801765761,141617801870657,141617849888580,141617801032584,16803841,16666666,141617799577574,141617802208209,141617802588677,141617802947584,141617808573782,141617834630084,1196459,9347500,141617834630084,141617818297219,141617849701229,141617808573782,
0,8616804,141617816379777,141617816379777,0,141617818246282,141617818258313,141617819405604,141617819546229,141617866692421,141617818228157,16803714,16666666,141617816379777,141617820139719,141617820653052,141617821149094,141617827670969,141617851624823,1304115,7130417,141617851624823,141617835157688,141617866502688,141617827670969,
0,8616811,141617833181964,141617833181964,0,141617834471386,141617834481282,141617836170136,141617836299198,141617883496135,141617834455084,16803585,16666666,141617833181964,141617836703469,141617837114042,141617837558157,141617843563261,141617868614146,1084584,8204531,141617868614146,141617852463990,141617883304718,141617843563261,
0,8616818,141617849983847,141617849983847,0,141617852293000,141617852439511,141617853399250,141617853528521,141617900299720,141617851944563,16803295,16666666,141617849983847,141617853936229,141617854366542,141617855395396,141617860986021,141617885129459,477916,7827656,141617885129459,141617869138677,141617900106490,141617860986021,
0,8616825,141617866784312,141617866784312,0,141617868668417,141617868677844,141617870151490,141617870283469,141617917103015,141617868651854,16802887,16666666,141617866784312,141617870699615,141617871655292,141617872247636,141617877208156,141617901722740,487709,7983907,141617901722740,141617885483000,141617916908573,141617877208156,
0,8616832,141617883583475,141617883583475,0,141617885064302,141617885073677,141617886056698,141617886162636,141617933905902,141617885049094,16802529,16666666,141617883583475,141617886526906,141617886874927,141617887757375,141617892334250,141617918707375,438542,9739375,141617918707375,141617902791438,141617933709510,141617892334250,
0,8616839,141617900382778,141617900382778,0,141617901479146,141617901492115,141617902882531,141617903001906,141617950708431,141617901454198,16802081,16666666,141617900382778,141617903423886,141617903871229,141617904436750,141617910041073,141617936193469,1157760,8786354,141617936193469,141617919199771,141617950512740,141617910041073,
0,8616846,141617917181286,141617917181286,0,141617919868469,141617919880865,141617921055709,141617921191490,141617967510512,141617919849563,16801867,16666666,141617917181286,141617923977375,141617924343000,141617924730813,141617929255656,141617951735292,86823,8780781,141617951735292,141617938313729,141617967317947,141617929255656,
0,8616853,141617933981437,141617933981437,0,141617935346073,141617935354250,141617938534875,141617938651021,141617984312379,141617935331073,16801631,16666666,141617933981437,141617939066750,141617939389667,141617939762219,141617943678209,141617968571490,41094,8448854,141617968571490,141617952355396,141617984118416,141617943678209,
0,8616860,141617950781404,141617950781404,0,141617954978573,141617954989667,141617956544615,141617956708573,141618001114010,141617954966125,16801602,16666666,141617950781404,141617959240552,141617959529094,141617959863781,141617963960604,141617985303156,36094,6957865,141617985303156,141617971208834,141618000919718,141617963960604,
0,8616867,141617967582760,141617967582760,0,141617968750188,141617968757636,141617969470240,141617969568261,141618017915612,141617968738469,16801606,16666666,141617967582760,141617971208938,141617971497479,141617971777688,141617974530031,141618002628209,33229,12750364,141618002628209,141617987442531,141618017719354,141617974530031,
0,8616874,141617984384616,141617984384616,0,141617985456906,141617985464198,141617986086854,141617986159459,141618034717218,141617985444875,16801838,16666666,141617984384616,141617987528365,141617987678573,141617987975031,141617990670396,141618019033156,93698,14027969,141618019033156,141618004904563,141618034519979,141617990670396,
0,8616881,141618001188743,141618001188743,0,141618002050500,141618002058052,141618003136698,141618003229354,141618051519056,141618002034094,16801933,16666666,141618001188743,141618004886021,141618005435709,141618005759406,141618008804459,141618035708417,31094,11428750,141618035708417,141618020454354,141618051319562,141618008804459,
0,8616888,141618017991595,141618017991595,0,141618018692792,141618018702896,141618019732479,141618019822584,141618068320989,141618018679198,16802012,16666666,141618017991595,141618020226073,141618020571334,141618021204042,141618024888729,141618052328938,258386,10877969,141618052328938,141618035977636,141618068123052,141618024888729,
0,8616895,141618034794224,141618034794224,0,141618035443000,141618035451959,141618036504146,141618036594459,141618085123001,141618035429302,16801988,16666666,141618034794224,141618036913104,141618038149511,141618038408209,141618041179615,141618069481594,31407,12054688,141618069481594,141618053392740,141618084924874,141618041179615,
0,8616902,141618051595719,141618051595719,0,141618052259927,141618052269146,141618052949771,141618053015240,141618101924989,141618052248313,16801930,16666666,141618051595719,141618053239146,141618053473521,141618053905448,141618055968834,141618086689406,180000,13675990,141618086689406,141618070073156,141618101727115,141618055968834,
0,8616909,141618068396783,141618068396783,0,141618069211646,141618069221386,141618070340292,141618070445552,141618118726919,141618069196906,16801750,16666666,141618068396783,141618070801594,141618071088052,141618071422896,141618077421906,141618102946958,1084219,9649115,141618102946958,141618087385813,141618118530448,141618077421906,
0,8616916,141618085196600,141618085196600,0,141618086961854,141618086974250,141618088168417,141618088285604,141618135528669,141618086943625,16801642,16666666,141618085196600,141618088703833,141618090499719,141618090878000,141618095503573,141618119733104,547916,7454532,141618119733104,141618103183833,141618135332323,141618095503573,
0,8616923,141618101997271,141618101997271,0,141618112296542,141618112303052,141618113010396,141618113116177,141618152330311,141618112287479,16801554,16666666,141618101997271,141618113462688,141618113640969,141618113926906,141618116961542,141618136312583,36927,2791615,141618136312583,141618119943729,141618152134510,141618116961542,
0,8616936,141618118797753,141618118797753,0,141618119548104,141618119556125,141618120280917,141618120383677,141618169131865,141618119533990,16801492,16666666,141618118797753,141618120755865,141618120942427,141618121216229,141618124220396,141618153684250,918750,12212448,141618153684250,141618136584823,141618168934979,141618124220396,
0,8616943,141618135599245,141618135599245,0,141618135982375,141618135985969,141618136616021,141618136704198,141618185933357,141618135973469,16801508,16666666,141618135599245,141618137094615,141618137568938,141618137976073,141618143468417,141618170695188,1684011,10372969,141618170695188,141618154229511,141618185738937,141618143468417,
0,8616950,141618152401220,141618152401220,0,141618153901438,141618153913156,141618155059250,141618155208729,141618202734865,141618153881542,16801486,16666666,141618152401220,141618155693156,141618156184927,141618156703208,141618163764875,141618187306854,1779583,7058750,141618187306854,141618171190292,141618202538885,141618163764875,
0,8616957,141618169202912,141618169202912,0,141618170645344,141618170655448,141618171601646,141618171736333,141618219536351,141618170627896,16801536,16666666,141618169202912,141618172289042,141618172628833,141618173087531,141618179476229,141618204175188,1660052,7944792,141618204175188,141618187765969,141618219340761,141618179476229,
0,8616964,141618186005201,141618186005201,0,141618187809146,141618187817792,141618188888000,141618189021438,141618236337887,141618187791281,16801688,16666666,141618186005201,141618189439042,141618189763417,141618190208156,141618196895813,141618220846333,1156823,7442969,141618220846333,141618204747011,141618236144510,141618196895813,
0,8616971,141618202808064,141618202808064,0,141618204180344,141618204192219,141618205618365,141618205754927,141618253139575,141618204162063,16801895,16666666,141618202808064,141618207860708,141618208292063,141618208843313,141618214588417,141618238857688,567709,6351562,141618238857688,141618221297688,141618252949250,141618214588417,
0,8616978,141618219611741,141618219611741,0,141618221089771,141618221101125,141618222003573,141618222133521,141618269941470,141618221071802,16802015,16666666,141618219611741,141618222545969,141618222874458,141618223324615,141618230617219,141618254370292,2320208,14588907,141618254370292,141618245515656,141618269751958,141618230617219,
0,8616985,141618236414479,141618236414479,0,141618246137323,141618246148729,141618247307375,141618247420188,141618286743485,141618246119875,16802056,16666666,141618236414479,141618247800031,141618248134927,141618248500292,141618253612167,141618270933625,42969,923073,141618270933625,141618254935188,141618286560187,141618253612167,
0,8616992,141618253216652,141618253216652,0,141618254062948,141618254070500,141618255279823,141618255382740,141618303545541,141618254044927,16802121,16666666,141618253216652,141618255716125,141618255949979,141618256382115,141618261639198,141618287756542,1387083,9382552,141618287756542,141618271244094,141618303359875,141618261639198,
0,8616999,141618270019314,141618270019314,0,141618270789823,141618270796438,141618271413573,141618271509458,141618320347662,141618270775708,16802178,16666666,141618270019314,141618271831594,141618272104667,141618272384875,141618277220448,141618304759406,1792032,10578906,141618304759406,141618288146229,141618320164249,141618277220448,
0,8617006,141618286822329,141618286822329,0,141618287586021,141618287594250,141618288323521,141618288498573,141618337149840,141618287572531,16802289,16666666,141618286822329,141618288807323,141618289008990,141618289317427,141618293796438,141618321534771,1284063,11041094,141618321534771,141618305127167,141618336965343,141618293796438,
0,8617013,141618303625793,141618303625793,0,141618304705240,141618304715031,141618305485500,141618305603365,141618353952129,141618304688990,16802598,16666666,141618303625793,141618305982115,141618306269719,141618306654771,141618312521854,141618338627688,1946562,9132136,141618338627688,141618321942010,141618353769145,141618312521854,
0,8617020,141618320431670,141618320431670,0,141618321452948,141618321462323,141618322324510,141618322442740,141618370754727,141618321436698,16802750,16666666,141618320431670,141618322810760,141618323080760,141618323453729,141618329633885,141618355267635,1942968,9131303,141618355267635,141618339087219,141618370573260,141618329633885,
0,8617027,141618337235844,141618337235844,0,141618339271906,141618339282635,141618340298260,141618340412531,141618387557477,141618339254510,16802992,16666666,141618337235844,141618340798260,141618341133625,141618341559615,141618347257167,141618372190500,1675468,8136094,141618372190500,141618355721542,141618387379979,141618347257167,
0,8617034,141618354040960,141618354040960,0,141618355357583,141618355368313,141618356530708,141618356654927,141618404360469,141618355340240,16803125,16666666,141618354040960,141618357041906,141618357394198,141618357837531,141618365154510,141618390142010,1764532,12245104,141618390142010,141618377657844,141618404185343,141618365154510,
0,8617041,141618370844976,141618370844976,0,141618377713938,141618377721438,141618378635344,141618378759979,141618421163594,141618377697479,16803273,16666666,141618370844976,141618379282583,141618379623781,141618380395865,141618384882948,141618405835083,47968,5926823,141618405835083,141618391159719,141618420984562,141618384882948,
0,8617048,141618387649268,141618387649268,0,141618389426333,141618389437531,141618390240552,141618390359875,141618437966867,141618389408208,16803359,16666666,141618387649268,141618390743104,141618391331229,141618391734406,141618396794823,141618422575604,2040052,9173177,141618422575604,141618406280865,141618437787740,141618396794823,
0,8617055,141618404453275,141618404453275,0,141618405679875,141618405689250,141618406900135,141618407012167,141618454770226,141618405663313,16803615,16666666,141618404453275,141618407373365,141618407791281,141618408367635,141618413452896,141618439178729,1099167,9306198,141618439178729,141618423061125,141618454592739,141618413452896,
0,8617062,141618421259127,141618421259127,0,141618422861125,141618422871698,141618423891385,141618423998885,141618471573841,141618422845760,16803788,16666666,141618421259127,141618424445813,141618424953990,141618425326490,141618430428156,141618456213833,936458,8846459,141618456213833,141618439572635,141618471394718,141618430428156,
0,8617069,141618438064642,141618438064642,0,141618438956646,141618438965448,141618440428573,141618440532531,141618488377629,141618438940917,16803691,16666666,141618438064642,141618440883052,141618441394094,141618441811490,141618447135135,141618473256490,922396,9146615,141618473256490,141618456627688,141618488198260,141618447135135,
0,8617076,141618454867371,141618454867371,0,141618456412479,141618456423833,141618457661073,141618457777948,141618505181320,141618456394458,16803581,16666666,141618454867371,141618458160292,141618458592063,141618459064719,141618466929927,141618489503677,2250834,6423750,141618489503677,141618473616490,141616488517792,141618466929927,
0,8617083,141618471669928,141618471669928,0,141618473272635,141618473282427,141618474210083,141618474314510,141618521984901,141618473256177,16803576,16666666,141618471669928,141618474679771,141618474907323,141618475227479,141618479893938,141618506218000,1393854,9701822,141618506218000,141618489848260,141616505325657,141618479893938,
0,8617090,141618488473505,141618488473505,0,141618489522740,141618489533417,141618490355500,141618490470708,141618538788477,141618489506333,16803466,16666666,141618488473505,141618490880656,141618491145344,141618491505552,141618497049406,141618522782896,1635312,9240312,141618522782896,141618506474823,141616522135605,141618497049406,
0,8617097,141618505276023,141618505276023,0,141618506101802,141618506111021,141618506855448,141618506949823,141618555591943,141618506086698,16803568,16666666,141618505276023,141618507282583,141618507453729,141618507708104,141618510774510,141618539934198,914740,12056250,141618539934198,141618523042010,141616538941282,141618510774510,
0,8617104,141618522080165,141618522080165,0,141618522584667,141618522592844,141618523273729,141618523340187,141618572395511,141618522573417,16803599,16666666,141618522080165,141618523580344,141618523741437,141618524255917,141618526669771,141618556913729,181511,13550989,141618556913729,141618540495500,141616555745344,141618526669771,
0,8617111,141618538884114,141618538884114,0,141618539947948,141618539958885,141618540768885,141618540872427,141618555550780,141618539931698,16803548,16666666,141618538884114,141618541203885,141618541464719,141618541853417,141618546912948,141618573354042,1504636,10100053,141618573354042,141618557331385,141616572552583,141618546912948,
---PROFILEDATA---


View hierarchy:

  md.borisveriga.megapodcastplayer/md.borisveriga.megapodcastplayer.wear.MainActivity/android.view.ViewRootImpl@a9cf9c1
  7 views, 9.57 kB of render nodes


Total ViewRootImpl   : 1
Total attached Views : 7
Total RenderNode     : 9.57 kB (used) / 34.27 kB (capacity)

  ProcessConfig={0.9 ?mcc0mnc [en_US] ldltr sw234dp w234dp h234dp 340dpi smll round hdr port watch finger -keyb/v/h -nav/h winConfig={ mBounds=Rect(0, 0 - 498, 498) mAppBounds=Rect(0, 0 - 498, 498) mMaxBounds=Rect(0, 0 - 498, 498) mDisplayRotation=ROTATION_0 mWindowingMode=fullscreen mActivityType=undefined mAlwaysOnTop=undefined mRotation=ROTATION_0} s.102894 fontWeightAdjustment=0 ff=0}
  Application ResourcesConfig={0.9 ?mcc0mnc [en_US] ldltr sw234dp w234dp h234dp 340dpi smll round hdr port watch finger -keyb/v/h -nav/h winConfig={ mBounds=Rect(0, 0 - 498, 498) mAppBounds=Rect(0, 0 - 498, 498) mMaxBounds=Rect(0, 0 - 498, 498) mDisplayRotation=ROTATION_0 mWindowingMode=fullscreen mActivityType=undefined mAlwaysOnTop=undefined mRotation=ROTATION_0} s.102894 fontWeightAdjustment=0 ff=0}
